 -1.474154e-13  4.558143e-03  9.242595e-03  1.426182e-02
  1.932758e-02  2.444286e-02  3.042014e-02  3.609636e-02
  4.203524e-02  4.755718e-02  5.428004e-02  5.971939e-02
  6.482890e-02  6.845431e-02  6.995398e-02  6.725622e-02
  6.731080e-02  6.321728e-02  5.985219e-02  6.273364e-02
  7.060309e-02  8.124666e-02  9.218360e-02  1.058332e-01
  1.177410e-01  1.302247e-01  1.414269e-01  1.502597e-01
  1.608382e-01  1.674311e-01  1.757674e-01  1.809592e-01
  1.855676e-01  1.913801e-01  1.985259e-01  2.056849e-01
  2.123660e-01  2.226586e-01  2.361265e-01  2.495047e-01
  2.676675e-01  2.870492e-01  3.070474e-01  3.270442e-01
  3.441592e-01  3.620291e-01  3.796312e-01  3.994925e-01
  4.151984e-01  4.312047e-01  4.503160e-01  4.632531e-01
  4.831506e-01  5.021932e-01  5.204768e-01  5.397120e-01
  5.595301e-01  5.792558e-01  5.913022e-01  6.077025e-01
  6.218621e-01  6.372563e-01  6.434571e-01  6.461273e-01
  6.510572e-01  6.508308e-01  6.581978e-01  6.640957e-01
  6.693359e-01  6.763064e-01  6.825770e-01  6.963804e-01
  7.038663e-01  7.161474e-01  7.281422e-01  7.417770e-01
  7.554138e-01  7.690028e-01  7.810537e-01  7.940597e-01
  8.036087e-01  8.092327e-01  8.157134e-01  8.215711e-01
  8.339435e-01  8.463673e-01  8.605841e-01  8.730639e-01
  8.862000e-01  8.980411e-01  9.097560e-01  9.208287e-01
  9.310061e-01  9.399048e-01  9.482616e-01  9.571702e-01
  9.652108e-01  9.742459e-01  9.828552e-01  9.920202e-01
  1.000000e+00  1.746799e-13 -1.947366e-02 -3.891711e-02
 -5.827677e-02 -7.762457e-02 -9.695921e-02 -1.160451e-01
 -1.352227e-01 -1.543205e-01 -1.735429e-01 -1.923790e-01
 -2.116251e-01 -2.309612e-01 -2.506295e-01 -2.705730e-01
 -2.903902e-01 -3.103693e-01 -3.299289e-01 -3.496302e-01
 -3.694043e-01 -3.877849e-01 -4.046959e-01 -4.214362e-01
 -4.360049e-01 -4.520600e-01 -4.676856e-01 -4.842534e-01
 -5.021735e-01 -5.191455e-01 -5.380092e-01 -5.561744e-01
 -5.754887e-01 -5.949494e-01 -6.121184e-01 -6.307925e-01
 -6.492966e-01 -6.679968e-01 -6.851426e-01 -6.999010e-01
 -7.146412e-01 -7.229973e-01 -7.279314e-01 -7.276704e-01
 -7.275062e-01 -7.197167e-01 -7.124597e-01 -7.035881e-01
 -7.057275e-01 -7.129704e-01 -7.239140e-01 -7.297162e-01
 -7.144641e-01 -7.145768e-01 -7.096937e-01 -7.116472e-01
 -7.161168e-01 -7.159667e-01 -7.127069e-01 -7.062387e-01
 -6.960977e-01 -6.819737e-01 -6.699807e-01 -6.509684e-01
 -6.311686e-01 -6.157449e-01 -5.957876e-01 -5.772091e-01
 -5.581209e-01 -5.388586e-01 -5.201482e-01 -5.012161e-01
 -4.867434e-01 -4.681976e-01 -4.524941e-01 -4.365127e-01
 -4.219369e-01 -4.073099e-01 -3.926355e-01 -3.766743e-01
 -3.614808e-01 -3.439078e-01 -3.247148e-01 -3.057942e-01
 -2.866713e-01 -2.709577e-01 -2.552849e-01 -2.412184e-01
 -2.255901e-01 -2.105091e-01 -1.943919e-01 -1.781820e-01
 -1.615270e-01 -1.443102e-01 -1.263990e-01 -1.082288e-01
 -9.032271e-02 -7.201041e-02 -5.416771e-02 -3.611555e-02
 -1.833910e-02  1.898697e-13