   0.00000    0.00000 
   0.00452   -0.01948 
   0.00913   -0.03895 
   0.01383   -0.05839 
   0.01862   -0.07780 
   0.02351   -0.09720 
   0.02851   -0.11656 
   0.03361   -0.13590 
   0.03883   -0.15521 
   0.04416   -0.17448 
   0.04962   -0.19373 
   0.05520   -0.21293 
   0.06092   -0.23210 
   0.06677   -0.25122 
   0.07277   -0.27030 
   0.07893   -0.28933 
   0.08524   -0.30831 
   0.09173   -0.32723 
   0.09839   -0.34608 
   0.10524   -0.36487 
   0.11229   -0.38359 
   0.11954   -0.40223 
   0.12701   -0.42078 
   0.13472   -0.43924 
   0.14267   -0.45759 
   0.15088   -0.47583 
   0.15937   -0.49394 
   0.16815   -0.51191 
   0.17724   -0.52972 
   0.18666   -0.54736 
   0.19643   -0.56481 
   0.20658   -0.58205 
   0.21713   -0.59904 
   0.22810   -0.61576 
   0.23952   -0.63218 
   0.25143   -0.64825 
   0.26384   -0.66393 
   0.27680   -0.67917 
   0.29033   -0.69390 
   0.30446   -0.70805 
   0.31922   -0.72155 
   0.33463   -0.73430 
   0.35071   -0.74620 
   0.36745   -0.75714 
   0.38485   -0.76699 
   0.40289   -0.77563 
   0.42151   -0.78293 
   0.44064   -0.78876 
   0.46019   -0.79302 
   0.48002   -0.79561 
   0.50000   -0.79648 
   0.51998   -0.79561 
   0.53981   -0.79302 
   0.55936   -0.78876 
   0.57849   -0.78293 
   0.59711   -0.77563 
   0.61515   -0.76699 
   0.63255   -0.75714 
   0.64929   -0.74620 
   0.66537   -0.73430 
   0.68078   -0.72155 
   0.69554   -0.70805 
   0.70967   -0.69390 
   0.72320   -0.67917 
   0.73616   -0.66393 
   0.74857   -0.64825 
   0.76048   -0.63218 
   0.77190   -0.61576 
   0.78287   -0.59904 
   0.79342   -0.58205 
   0.80357   -0.56481 
   0.81334   -0.54736 
   0.82276   -0.52972 
   0.83185   -0.51191 
   0.84063   -0.49394 
   0.84912   -0.47583 
   0.85733   -0.45759 
   0.86528   -0.43924 
   0.87299   -0.42078 
   0.88046   -0.40223 
   0.88771   -0.38359 
   0.89476   -0.36487 
   0.90161   -0.34608 
   0.90827   -0.32723 
   0.91476   -0.30831 
   0.92107   -0.28933 
   0.92723   -0.27030 
   0.93323   -0.25122 
   0.93908   -0.23210 
   0.94480   -0.21293 
   0.95038   -0.19373 
   0.95584   -0.17448 
   0.96117   -0.15521 
   0.96639   -0.13590 
   0.97149   -0.11656 
   0.97649   -0.09720 
   0.98138   -0.07780 
   0.98617   -0.05839 
   0.99087   -0.03895 
   0.99548   -0.01948 
   1.00000    0.00000 
