  5.602288e-18  4.635790e-03  9.396224e-03  1.428704e-02
  1.931017e-02  2.447431e-02  2.979402e-02  3.526717e-02
  4.090812e-02  4.672269e-02  5.272273e-02  5.891944e-02
  6.533492e-02  7.197118e-02  7.885059e-02  8.599325e-02
  9.339887e-02  1.011181e-01  1.091261e-01  1.174983e-01
  1.262230e-01  1.353366e-01  1.448896e-01  1.548821e-01
  1.654044e-01  1.764709e-01  1.881331e-01  2.004223e-01
  2.133809e-01  2.270433e-01  2.415166e-01  2.568312e-01
  2.731419e-01  2.903908e-01  3.085715e-01  3.274845e-01
  3.467569e-01  3.667233e-01  3.800000e-01  3.900000e-01
  4.000000e-01  4.100000e-01  4.200000e-01  4.300000e-01
  4.400000e-01  4.500000e-01  4.600000e-01  4.700000e-01
  4.800000e-01  4.900000e-01  5.000000e-01  5.100000e-01
  5.200000e-01  5.300000e-01  5.400000e-01  5.500000e-01
  5.600000e-01  5.700000e-01  5.800000e-01  5.900000e-01
  6.000000e-01  6.100000e-01  6.200000e-01  6.300000e-01
  6.475396e-01  6.673078e-01  6.865781e-01  7.046294e-01
  7.209530e-01  7.364889e-01  7.513649e-01  7.652988e-01
  7.782956e-01  7.904576e-01  8.018889e-01  8.126977e-01
  8.229690e-01  8.327329e-01  8.420773e-01  8.510251e-01
  8.596248e-01  8.679249e-01  8.759544e-01  8.837534e-01
  8.913393e-01  8.987429e-01  9.059865e-01  9.130690e-01
  9.200443e-01  9.269214e-01  9.337025e-01  9.404092e-01
  9.470730e-01  9.536984e-01  9.602962e-01  9.668724e-01
  9.734529e-01  9.800487e-01  9.866521e-01  9.933041e-01
  1.000000e+00 -3.855234e-17 -1.945532e-02 -3.885632e-02
 -5.822319e-02 -7.755633e-02 -9.685123e-02 -1.161172e-01
 -1.353263e-01 -1.545002e-01 -1.736120e-01 -1.926609e-01
 -2.116349e-01 -2.305653e-01 -2.494236e-01 -2.681816e-01
 -2.868485e-01 -3.054132e-01 -3.238548e-01 -3.421616e-01
 -3.603153e-01 -3.783119e-01 -3.961123e-01 -4.136722e-01
 -4.309947e-01 -4.479998e-01 -4.646568e-01 -4.809013e-01
 -4.966785e-01 -5.119027e-01 -5.265055e-01 -5.402990e-01
 -5.531524e-01 -5.647265e-01 -5.747892e-01 -5.831236e-01
 -5.896248e-01 -5.947068e-01 -5.958068e-01 -5.958886e-01
 -5.958886e-01 -5.958886e-01 -5.958886e-01 -5.958886e-01
 -5.958886e-01 -5.958886e-01 -5.958886e-01 -5.958886e-01
 -5.958886e-01 -5.958886e-01 -5.958886e-01 -5.958886e-01
 -5.958886e-01 -5.958886e-01 -5.958886e-01 -5.958886e-01
 -5.958886e-01 -5.958886e-01 -5.958886e-01 -5.958886e-01
 -5.958886e-01 -5.958886e-01 -5.958886e-01 -5.958886e-01
 -5.958886e-01 -5.953611e-01 -5.923501e-01 -5.869973e-01
 -5.783880e-01 -5.668329e-01 -5.542444e-01 -5.408792e-01
 -5.265412e-01 -5.113489e-01 -4.954750e-01 -4.790788e-01
 -4.622544e-01 -4.450995e-01 -4.276541e-01 -4.099714e-01
 -3.920847e-01 -3.740287e-01 -3.558388e-01 -3.375370e-01
 -3.191234e-01 -3.006296e-01 -2.820532e-01 -2.634151e-01
 -2.447805e-01 -2.260468e-01 -2.072807e-01 -1.885097e-01
 -1.697107e-01 -1.508682e-01 -1.320089e-01 -1.131372e-01
 -9.427932e-02 -7.540976e-02 -5.653774e-02 -3.770714e-02
 -1.884577e-02 -6.677659e-18